2.27295 1.55352 0.00734255
2.2978 1.51184 0.00709206
2.2838 1.61692 0.00676703
2.24478 1.51523 0.0072039
2.27889 1.61778 0.00705389
2.38566 1.54831 0.00701831
2.30487 1.5853 0.00715473
2.35225 1.52689 0.00741319
2.30735 1.52348 0.00686567
2.17714 1.54637 0.00726152
2.29646 1.49294 0.00743384
2.32191 1.60214 0.0100643
2.367 1.4445 0.00713416
2.2957 1.51116 0.00714466
2.29349 1.53436 0.00736438
2.21327 1.554 0.00711053
2.27359 1.6035 0.00726514
2.23206 1.57478 0.00699859
2.26813 1.45207 0.00732274
2.31505 1.58058 0.00716723
2.34735 1.4913 0.00703665
2.34426 1.586 0.00723188
2.40219 1.58711 0.00758825
2.24202 1.51272 0.00784872
2.34854 1.53516 0.00715398
2.34808 1.50551 0.00719054
2.29923 1.56598 0.00685464
2.31883 1.52933 0.0072234
2.38963 1.55914 0.00722818
2.34004 1.4859 0.00733994
2.37181 1.55492 0.00698776
2.31908 1.56281 0.00712106
2.32983 1.47948 0.00699877
2.36213 1.51048 0.00695668
2.32648 1.49215 0.00736522
2.28901 1.45047 0.00710196
2.32682 1.55593 0.00788402
2.27039 1.57319 0.00720526
2.30984 1.53824 0.00765928
2.26839 1.56336 0.00697308
2.25913 1.4383 0.00664591
2.2748 1.5442 0.00816426
2.30126 1.56714 0.0078798
2.28275 1.5034 0.00705291
2.31902 1.5324 0.00717332
2.35222 1.56255 0.00717625
2.26057 1.57539 0.00713354
2.34665 1.55687 0.00678701
2.32742 1.55642 0.00711632
2.36651 1.59298 0.00701716
2.38895 1.56693 0.00726103
2.40188 1.59847 0.00727462
2.25903 1.5461 0.00722329
2.23733 1.65681 0.00719299
2.29753 1.75032 0.00761206
2.26002 1.70358 0.00822216
2.35832 1.72722 0.00717468
2.38427 1.80699 0.00722842
2.36547 1.80547 0.006851
2.32531 1.86331 0.00757576
2.37557 1.87659 0.00706725
2.4149 1.9392 0.00732433
2.32704 1.94106 0.00767587
2.33415 1.91449 0.00719761
2.41067 2.00787 0.00718456
2.38146 1.95399 0.00712126
2.28589 2.05534 0.00733395
2.38689 2.08908 0.00709298
2.33747 2.11327 0.00742151
2.2813 2.20577 0.00723127
2.3822 2.13067 0.00706116
2.48808 2.11671 0.00728697
2.31136 2.28244 0.0071921
2.31412 2.18108 0.00745804
2.41808 2.22444 0.00726976
2.39411 2.38847 0.00709382
2.43069 2.3606 0.00738009
2.45397 2.40506 0.00719696
2.38616 2.44479 0.00765118
2.35481 2.46495 0.00742037
2.40809 2.43634 0.00784154
2.35701 2.54675 0.00721123
2.44805 2.55263 0.00733602
2.41918 2.57005 0.00749654
2.44816 2.57571 0.00697711
2.46012 2.63143 0.00735635
2.46266 2.62604 0.00739798
2.4852 2.71264 0.00598081
2.4504 2.6688 0.00723951
2.48888 2.69265 0.00722482
2.41005 2.68163 0.00735515
2.40785 2.85351 0.00748598
2.48596 2.79511 0.00752372
2.49555 2.82846 0.00758643
2.61814 2.84561 0.00720188
2.45682 2.89407 0.00712813
2.54319 2.87683 0.00724253
2.54117 2.87371 0.00737893
2.58232 3.03276 0.00709874
2.39107 2.95937 0.00760519
2.51145 3.02629 0.00747298
2.61154 3.11722 0.00732604
2.53116 3.0941 0.00730256
2.50615 3.2164 0.00734884
2.45023 3.18853 0.00722258
2.4843 3.14302 0.00742793
2.51208 3.27524 0.00733717
2.52234 3.23175 0.00730137
2.62833 3.3382 0.00771419
2.61079 3.36646 0.00740474
2.49318 3.40277 0.00729578
2.51321 3.3986 0.00736889
2.54357 3.37683 0.00727437
2.5388 3.38028 0.00746188
2.48683 3.49778 0.00717626
2.56272 3.57993 0.00734612
2.53813 3.48168 0.00750954
2.60291 3.51579 0.00739129
2.53176 3.55604 0.00731252
2.55424 3.62097 0.00732632
2.51681 3.67195 0.00724113
2.56152 3.66592 0.00764863
2.56106 3.80944 0.00731301
2.56041 3.77251 0.0077354
2.53092 3.72841 0.00732892
2.57313 3.81835 0.00707224
2.57115 3.78045 0.00729496
2.62229 3.86554 0.00732269
2.52063 3.97824 0.0073974
2.66376 3.94887 0.00741364
2.54207 3.96193 0.00803126
2.61464 4.01241 0.00813328
2.63771 3.9527 0.00807757
2.62775 4.05466 0.00790986
2.64115 4.06321 0.008028
2.585 4.04455 0.00801119
2.56091 4.11625 0.00804649
2.58973 4.17507 0.00797904
2.6516 4.15436 0.00814529
2.57388 4.19969 0.0080441
2.54188 4.20053 0.00743088
2.63169 4.18555 0.00736424
2.64584 4.28636 0.00728413
2.68336 4.32956 0.00729981
2.68204 4.37542 0.00743387
2.63199 4.35786 0.00748208
2.68648 4.33304 0.00727832
2.60742 4.3915 0.00741782
2.67091 4.45536 0.00745121
2.72212 4.50052 0.00730071
2.64591 4.55671 0.0074303
2.66687 4.52449 0.00750599
2.67527 4.63089 0.00851955
2.74406 4.61102 0.00737338
2.678 4.64502 0.00775012
2.76498 4.71777 0.00732744
2.70007 4.7808 0.00735065
2.65174 4.78322 0.00762312
2.65909 4.80367 0.00799793
2.60568 4.79837 0.0075
2.70771 4.93173 0.00771146
2.73685 4.94482 0.00739528
2.67914 4.89125 0.0074259
2.71948 4.87331 0.00724559
2.70194 5.02638 0.00717284
2.71668 4.86033 0.00740171
2.71657 5.00796 0.00687456
2.58037 5.07641 0.00732813
2.6345 5.11269 0.00723202
2.73545 5.06781 0.00702859
2.64866 5.16427 0.00699575
2.76804 5.23319 0.00741787
2.72595 5.13838 0.00719602
2.80473 5.13232 0.0072642
2.79139 5.28004 0.00738138
2.72578 5.20724 0.00724812
2.83444 5.40012 0.00747047
2.76763 5.30747 0.00761047
2.76438 5.38312 0.00741361
2.79756 5.48901 0.00712667
2.78591 5.39864 0.00734485
2.78229 5.41272 0.00735187
2.80736 5.46184 0.00719859
2.87578 5.51249 0.0073394
2.85616 5.56287 0.00730449
2.82225 5.56064 0.00748357
2.86703 5.52669 0.00726499
2.8702 5.62511 0.00728556
2.82711 5.62428 0.00720109
2.82321 5.64281 0.0069622
2.8542 5.64586 0.00703989
2.91815 5.74033 0.00712032
2.87573 5.7882 0.00729503
2.83561 5.82703 0.00733027
2.89647 5.91164 0.00736436
2.92541 5.85189 0.00761187
2.88454 5.81319 0.00739459
2.93763 5.94161 0.00727552
3.01008 5.90368 0.00749985
3.07041 5.97918 0.00743583
2.87609 6.05624 0.00735407
2.94394 6.10156 0.00732351
2.92018 6.08638 0.00715031
2.86226 6.09695 0.00751794
2.9105 6.10656 0.00715817
2.88742 6.14042 0.00771594
3.00908 6.26659 0.00761724
2.93485 6.1708 0.00740999
3.01711 6.27394 0.0073924
2.95313 6.31965 0.00739217
2.92794 6.23311 0.00740644
2.9243 6.30413 0.00714604
3.01004 6.3882 0.0074949
3.01364 6.4286 0.00672972
3.0057 6.47915 0.00741786
3.01281 6.42147 0.00727604
2.95857 6.5228 0.00733282
2.96459 6.47379 0.00733572
2.98008 6.55346 0.00735246
2.99078 6.53851 0.00750494
3.03399 6.6344 0.007662
3.02844 6.62634 0.00776594
2.96594 6.61073 0.00739668
2.95301 6.72165 0.00711603
3.07389 6.7781 0.00724799
2.99629 6.68961 0.00772864
3.02333 6.81998 0.0072854
3.05881 6.77379 0.007698
3.01216 6.8568 0.0075643
3.09144 6.79052 0.00745891
2.97712 6.82411 0.00734748
3.12081 6.97616 0.0074685
3.09726 6.99596 0.00737946
3.02326 6.98896 0.00726561
3.05262 7.0113 0.00727638
3.06645 7.02048 0.00737693
3.0514 7.01376 0.00741593
3.11454 7.18773 0.00747255
3.12636 7.10935 0.00761562
3.10211 7.1955 0.00736633
3.08359 7.24597 0.00755061
3.11753 7.26932 0.00734959
3.07017 7.24037 0.00755833
3.03156 7.30597 0.00745372
3.19756 7.28547 0.00757959
3.04009 7.337 0.00768842
3.16002 7.33266 0.00732791
3.16344 7.3816 0.00765689
3.10562 7.42182 0.00707597
3.20435 7.47985 0.00746869
3.04268 7.47112 0.00739079
3.18079 7.49493 0.00740853
3.18762 7.55647 0.00728911
3.22523 7.53123 0.00769064
3.20575 7.23842 0.0083393
3.15479 7.49703 0.0076203
3.12272 7.59819 0.00747192
3.172 7.61905 0.00735884
3.21531 7.71421 0.00743984
3.20104 7.76225 0.00735279
3.26295 7.76803 0.00731496
3.25934 7.82995 0.00747809
3.19338 7.7923 0.00739849
3.15494 7.90954 0.00743378
3.19364 7.88827 0.0074438
3.22084 7.91418 0.00742143
3.25003 7.97396 0.00763002
3.2867 7.95952 0.00732641
3.20912 8.00857 0.00735741
3.29249 8.01385 0.00727298
3.22369 8.0863 0.00744217
3.28691 8.16701 0.00751263
3.35612 8.07128 0.00707365
3.3461 8.10833 0.00730405
3.32006 8.21128 0.00757982
3.26556 8.1486 0.00748589
3.36528 8.22958 0.00761611
3.30319 8.25571 0.00743491
3.25074 8.32625 0.00740222
3.31333 8.34644 0.00742032
3.28013 8.38515 0.0074923
3.27441 8.44184 0.00727024
3.24409 8.41404 0.00728459
3.30343 8.52813 0.00743588
3.27323 8.48978 0.00752739
3.3862 8.53289 0.00731862
3.35222 8.57 0.00761289
3.29847 8.54058 0.0075087
3.34699 8.51925 0.00737559
3.36641 8.6876 0.00747207
3.43594 8.6574 0.00781932
3.4505 8.71482 0.00753538
3.42498 8.70895 0.00760818
3.39448 8.84796 0.00739764
3.34992 8.78739 0.00736618
3.42175 8.82787 0.00748181
3.45051 8.83434 0.0074597
3.37377 8.91392 0.00748813
3.35414 8.94482 0.00746994
3.35757 8.96283 0.0071064
3.49006 8.92666 0.00742252
3.42089 9.0188 0.00743792
3.49552 9.02868 0.0074135
3.45481 9.02994 0.00735902
3.46483 9.02767 0.00730559
3.47812 9.02762 0.00742211
3.50347 9.22553 0.00748726
3.48009 9.09859 0.00750869